176
11 16
11 17
11 18
11 19
11 20
11 21
11 22
12 22
13 22
14 22
14 23
14 24
14 25
15 25
16 25
17 25
18 25
19 25
20 25
21 25
22 25
23 25
24 25
25 25
26 25
26 26
26 27
26 28
26 29
26 30
27 30
28 30
29 30
29 29
29 28
29 27
29 26
29 25
29 24
29 23
29 22
29 21
29 20
29 19
29 18
29 17
29 16
29 15
29 14
29 13
29 12
29 11
29 10
29 9
29 8
29 7
29 6
29 5
29 4
29 3
29 2
29 1
28 1
27 1
26 1
26 2
26 3
26 4
26 5
26 6
25 6
24 6
23 6
22 6
21 6
20 6
19 6
18 6
17 6
16 6
15 6
14 6
14 7
14 8
14 9
13 9
12 9
12 9
11 9
11 10
11 11
11 12
11 13
11 14
10 14
9 14
8 14
8 13
8 12
8 11
8 10
8 9
7 9
6 9
5 9
4 9
3 9
2 9
1 9
1 8
1 7
1 6
1 5
1 4
1 3
1 2
1 1
2 1
3 1
4 1
5 1
5 2
5 3
5 4
5 5
5 6
5 7
5 8
5 9
5 10
5 11
5 12
5 13
5 14
5 15
5 16
5 17
5 18
5 19
5 20
5 21
5 22
5 23
5 24
5 25
5 26
5 27
5 28
5 29
5 30
4 30
3 30
2 30
1 30
1 29
1 28
1 27
1 26
1 25
1 24
1 23
1 22
2 22
3 22
4 22
5 22
6 22
7 22
8 22
8 21
8 20
8 19
8 18
8 17
9 17
10 17